{
    "data": [
        {
            "customdata": [
                [
                    "Fe:8.0%, Ni:51.2%, Cr:22.4%, Cu:15.5%, Al:2.9%"
                ],
                [
                    "Fe:3.9%, Ni:1.4%, Cr:45.8%, Cu:20.9%, Al:28.0%"
                ],
                [
                    "Fe:0.4%, Ni:60.9%, Cr:31.1%, Cu:4.2%, Al:3.5%"
                ],
                [
                    "Fe:9.1%, Ni:16.3%, Cr:33.5%, Cu:25.5%, Al:15.5%"
                ],
                [
                    "Fe:37.7%, Ni:6.0%, Cr:13.8%, Cu:18.2%, Al:24.3%"
                ],
                [
                    "Fe:44.9%, Ni:6.5%, Cr:21.1%, Cu:26.2%, Al:1.4%"
                ],
                [
                    "Fe:12.4%, Ni:2.5%, Cr:0.9%, Cu:39.5%, Al:44.7%"
                ],
                [
                    "Fe:42.9%, Ni:9.4%, Cr:2.7%, Cu:29.9%, Al:15.1%"
                ],
                [
                    "Fe:3.7%, Ni:19.3%, Cr:1.0%, Cu:67.6%, Al:8.4%"
                ],
                [
                    "Fe:34.1%, Ni:11.7%, Cr:23.0%, Cu:24.8%, Al:6.4%"
                ],
                [
                    "Fe:31.9%, Ni:13.6%, Cr:25.6%, Cu:20.6%, Al:8.3%"
                ],
                [
                    "Fe:77.3%, Ni:2.8%, Cr:6.6%, Cu:1.4%, Al:11.9%"
                ],
                [
                    "Fe:14.7%, Ni:9.5%, Cr:52.8%, Cu:13.2%, Al:9.9%"
                ],
                [
                    "Fe:11.2%, Ni:2.2%, Cr:23.3%, Cu:1.1%, Al:62.2%"
                ],
                [
                    "Fe:32.0%, Ni:4.8%, Cr:0.1%, Cu:36.5%, Al:26.5%"
                ],
                [
                    "Fe:38.1%, Ni:43.1%, Cr:2.2%, Cu:13.0%, Al:3.6%"
                ],
                [
                    "Fe:52.3%, Ni:25.7%, Cr:10.6%, Cu:1.7%, Al:9.8%"
                ],
                [
                    "Fe:7.1%, Ni:23.6%, Cr:18.3%, Cu:39.4%, Al:11.5%"
                ],
                [
                    "Fe:2.5%, Ni:24.5%, Cr:28.0%, Cu:16.1%, Al:28.9%"
                ],
                [
                    "Fe:32.1%, Ni:34.9%, Cr:26.3%, Cu:1.2%, Al:5.4%"
                ],
                [
                    "Fe:0.7%, Ni:22.4%, Cr:8.4%, Cu:15.7%, Al:52.8%"
                ],
                [
                    "Fe:11.2%, Ni:20.6%, Cr:55.0%, Cu:10.1%, Al:3.1%"
                ],
                [
                    "Fe:5.9%, Ni:3.0%, Cr:45.6%, Cu:28.3%, Al:17.2%"
                ],
                [
                    "Fe:29.8%, Ni:23.6%, Cr:3.0%, Cu:32.4%, Al:11.2%"
                ],
                [
                    "Fe:35.3%, Ni:48.5%, Cr:8.2%, Cu:2.5%, Al:5.5%"
                ],
                [
                    "Fe:11.2%, Ni:34.4%, Cr:39.8%, Cu:0.1%, Al:14.4%"
                ],
                [
                    "Fe:12.9%, Ni:6.0%, Cr:3.0%, Cu:9.8%, Al:68.3%"
                ],
                [
                    "Fe:6.1%, Ni:11.5%, Cr:19.1%, Cu:7.1%, Al:56.1%"
                ],
                [
                    "Fe:66.3%, Ni:5.9%, Cr:13.9%, Cu:7.2%, Al:6.8%"
                ],
                [
                    "Fe:1.8%, Ni:45.7%, Cr:34.0%, Cu:2.6%, Al:15.9%"
                ],
                [
                    "Fe:30.9%, Ni:3.5%, Cr:2.0%, Cu:8.7%, Al:54.9%"
                ],
                [
                    "Fe:6.3%, Ni:25.3%, Cr:32.6%, Cu:6.2%, Al:29.6%"
                ],
                [
                    "Fe:13.8%, Ni:30.1%, Cr:30.2%, Cu:23.1%, Al:2.8%"
                ],
                [
                    "Fe:54.1%, Ni:11.6%, Cr:6.2%, Cu:1.2%, Al:26.8%"
                ],
                [
                    "Fe:35.8%, Ni:0.5%, Cr:22.7%, Cu:8.1%, Al:32.8%"
                ],
                [
                    "Fe:4.0%, Ni:24.7%, Cr:10.3%, Cu:58.0%, Al:3.1%"
                ],
                [
                    "Fe:7.6%, Ni:2.2%, Cr:46.8%, Cu:38.0%, Al:5.4%"
                ],
                [
                    "Fe:23.4%, Ni:36.8%, Cr:17.5%, Cu:16.3%, Al:6.0%"
                ],
                [
                    "Fe:1.6%, Ni:37.3%, Cr:37.8%, Cu:16.4%, Al:6.8%"
                ],
                [
                    "Fe:5.6%, Ni:16.8%, Cr:29.6%, Cu:28.4%, Al:19.7%"
                ],
                [
                    "Fe:22.8%, Ni:1.9%, Cr:3.9%, Cu:50.7%, Al:20.7%"
                ],
                [
                    "Fe:0.7%, Ni:7.7%, Cr:78.6%, Cu:0.4%, Al:12.7%"
                ],
                [
                    "Fe:17.6%, Ni:26.0%, Cr:23.3%, Cu:5.6%, Al:27.5%"
                ],
                [
                    "Fe:5.4%, Ni:7.9%, Cr:27.6%, Cu:21.1%, Al:38.0%"
                ],
                [
                    "Fe:38.6%, Ni:30.3%, Cr:3.5%, Cu:16.5%, Al:11.1%"
                ],
                [
                    "Fe:3.7%, Ni:47.4%, Cr:6.6%, Cu:29.2%, Al:13.1%"
                ],
                [
                    "Fe:39.2%, Ni:17.3%, Cr:21.3%, Cu:16.8%, Al:5.4%"
                ],
                [
                    "Fe:44.7%, Ni:11.5%, Cr:0.9%, Cu:36.2%, Al:6.8%"
                ],
                [
                    "Fe:31.9%, Ni:34.8%, Cr:27.9%, Cu:5.2%, Al:0.2%"
                ],
                [
                    "Fe:22.3%, Ni:4.7%, Cr:28.8%, Cu:28.0%, Al:16.2%"
                ],
                [
                    "Fe:10.5%, Ni:14.7%, Cr:57.6%, Cu:11.5%, Al:5.6%"
                ],
                [
                    "Fe:14.3%, Ni:48.2%, Cr:20.9%, Cu:14.8%, Al:1.8%"
                ],
                [
                    "Fe:11.2%, Ni:54.0%, Cr:1.8%, Cu:8.5%, Al:24.6%"
                ],
                [
                    "Fe:29.7%, Ni:26.2%, Cr:26.6%, Cu:9.8%, Al:7.6%"
                ],
                [
                    "Fe:19.5%, Ni:19.6%, Cr:23.7%, Cu:28.8%, Al:8.4%"
                ],
                [
                    "Fe:11.3%, Ni:26.0%, Cr:17.1%, Cu:19.7%, Al:25.8%"
                ],
                [
                    "Fe:54.5%, Ni:10.2%, Cr:11.6%, Cu:2.4%, Al:21.3%"
                ],
                [
                    "Fe:1.4%, Ni:23.4%, Cr:29.2%, Cu:12.6%, Al:33.4%"
                ],
                [
                    "Fe:1.3%, Ni:1.6%, Cr:72.6%, Cu:18.8%, Al:5.7%"
                ],
                [
                    "Fe:21.0%, Ni:41.8%, Cr:6.9%, Cu:27.7%, Al:2.5%"
                ],
                [
                    "Fe:1.4%, Ni:19.4%, Cr:20.0%, Cu:26.0%, Al:33.2%"
                ],
                [
                    "Fe:55.2%, Ni:10.8%, Cr:5.8%, Cu:23.5%, Al:4.7%"
                ],
                [
                    "Fe:10.0%, Ni:1.4%, Cr:0.4%, Cu:56.9%, Al:31.3%"
                ],
                [
                    "Fe:50.3%, Ni:22.2%, Cr:8.0%, Cu:7.2%, Al:12.2%"
                ],
                [
                    "Fe:12.2%, Ni:19.1%, Cr:16.5%, Cu:5.0%, Al:47.3%"
                ],
                [
                    "Fe:34.1%, Ni:20.6%, Cr:24.1%, Cu:13.9%, Al:7.3%"
                ],
                [
                    "Fe:21.5%, Ni:69.4%, Cr:0.7%, Cu:6.0%, Al:2.3%"
                ],
                [
                    "Fe:1.1%, Ni:49.1%, Cr:30.9%, Cu:16.3%, Al:2.6%"
                ],
                [
                    "Fe:26.2%, Ni:24.8%, Cr:7.4%, Cu:22.0%, Al:19.7%"
                ],
                [
                    "Fe:27.6%, Ni:29.1%, Cr:1.3%, Cu:13.6%, Al:28.4%"
                ],
                [
                    "Fe:17.6%, Ni:48.9%, Cr:27.1%, Cu:4.5%, Al:1.8%"
                ],
                [
                    "Fe:18.3%, Ni:0.5%, Cr:15.7%, Cu:50.2%, Al:15.3%"
                ],
                [
                    "Fe:8.5%, Ni:17.9%, Cr:10.6%, Cu:13.7%, Al:49.3%"
                ],
                [
                    "Fe:7.6%, Ni:50.9%, Cr:36.9%, Cu:3.4%, Al:1.1%"
                ],
                [
                    "Fe:7.3%, Ni:1.3%, Cr:6.9%, Cu:79.4%, Al:5.1%"
                ],
                [
                    "Fe:9.0%, Ni:43.5%, Cr:0.5%, Cu:39.3%, Al:7.7%"
                ],
                [
                    "Fe:2.2%, Ni:20.8%, Cr:17.3%, Cu:36.6%, Al:23.1%"
                ],
                [
                    "Fe:31.4%, Ni:6.4%, Cr:3.8%, Cu:26.8%, Al:31.7%"
                ],
                [
                    "Fe:61.5%, Ni:7.0%, Cr:6.1%, Cu:19.8%, Al:5.5%"
                ],
                [
                    "Fe:33.5%, Ni:24.5%, Cr:7.0%, Cu:17.4%, Al:17.6%"
                ],
                [
                    "Fe:2.1%, Ni:44.1%, Cr:13.3%, Cu:33.2%, Al:7.3%"
                ],
                [
                    "Fe:43.3%, Ni:9.5%, Cr:0.2%, Cu:45.2%, Al:1.8%"
                ],
                [
                    "Fe:4.7%, Ni:36.4%, Cr:36.5%, Cu:10.3%, Al:12.1%"
                ],
                [
                    "Fe:15.4%, Ni:9.0%, Cr:10.3%, Cu:29.0%, Al:36.2%"
                ],
                [
                    "Fe:39.6%, Ni:39.3%, Cr:2.4%, Cu:17.2%, Al:1.5%"
                ],
                [
                    "Fe:19.3%, Ni:14.1%, Cr:53.0%, Cu:10.5%, Al:3.0%"
                ],
                [
                    "Fe:5.6%, Ni:52.2%, Cr:35.1%, Cu:3.9%, Al:3.2%"
                ],
                [
                    "Fe:28.0%, Ni:1.7%, Cr:40.0%, Cu:28.4%, Al:2.0%"
                ],
                [
                    "Fe:1.3%, Ni:61.5%, Cr:6.7%, Cu:6.6%, Al:23.9%"
                ],
                [
                    "Fe:32.1%, Ni:46.6%, Cr:15.3%, Cu:5.1%, Al:1.0%"
                ],
                [
                    "Fe:28.0%, Ni:15.3%, Cr:10.3%, Cu:44.2%, Al:2.2%"
                ],
                [
                    "Fe:45.0%, Ni:0.8%, Cr:42.0%, Cu:3.8%, Al:8.4%"
                ],
                [
                    "Fe:1.9%, Ni:15.7%, Cr:20.5%, Cu:13.1%, Al:48.9%"
                ],
                [
                    "Fe:7.4%, Ni:5.3%, Cr:31.8%, Cu:4.0%, Al:51.7%"
                ],
                [
                    "Fe:0.2%, Ni:53.7%, Cr:0.7%, Cu:34.0%, Al:11.5%"
                ],
                [
                    "Fe:49.3%, Ni:0.8%, Cr:8.0%, Cu:34.6%, Al:7.4%"
                ],
                [
                    "Fe:21.3%, Ni:25.6%, Cr:13.0%, Cu:21.2%, Al:18.9%"
                ],
                [
                    "Fe:29.3%, Ni:0.6%, Cr:4.2%, Cu:38.0%, Al:28.0%"
                ],
                [
                    "Fe:22.3%, Ni:35.4%, Cr:11.9%, Cu:7.6%, Al:22.8%"
                ],
                [
                    "Fe:4.7%, Ni:9.4%, Cr:0.9%, Cu:39.2%, Al:45.9%"
                ],
                [
                    "Fe:23.2%, Ni:14.9%, Cr:7.2%, Cu:32.5%, Al:22.3%"
                ],
                [
                    "Fe:2.1%, Ni:28.1%, Cr:20.1%, Cu:34.7%, Al:15.0%"
                ],
                [
                    "Fe:15.2%, Ni:8.7%, Cr:43.2%, Cu:32.2%, Al:0.7%"
                ],
                [
                    "Fe:0.4%, Ni:7.1%, Cr:24.9%, Cu:65.2%, Al:2.4%"
                ],
                [
                    "Fe:10.5%, Ni:5.6%, Cr:41.0%, Cu:21.6%, Al:21.3%"
                ],
                [
                    "Fe:17.8%, Ni:15.1%, Cr:9.0%, Cu:1.6%, Al:56.4%"
                ],
                [
                    "Fe:9.4%, Ni:45.9%, Cr:32.0%, Cu:4.5%, Al:8.2%"
                ],
                [
                    "Fe:49.8%, Ni:32.6%, Cr:4.9%, Cu:10.3%, Al:2.4%"
                ],
                [
                    "Fe:48.5%, Ni:14.7%, Cr:4.1%, Cu:17.5%, Al:15.2%"
                ],
                [
                    "Fe:11.4%, Ni:3.1%, Cr:28.6%, Cu:18.9%, Al:38.0%"
                ],
                [
                    "Fe:11.5%, Ni:30.0%, Cr:12.6%, Cu:12.9%, Al:32.9%"
                ],
                [
                    "Fe:16.9%, Ni:4.7%, Cr:1.0%, Cu:45.9%, Al:31.6%"
                ],
                [
                    "Fe:59.4%, Ni:11.7%, Cr:7.2%, Cu:0.7%, Al:21.1%"
                ],
                [
                    "Fe:18.8%, Ni:10.5%, Cr:12.1%, Cu:49.5%, Al:9.0%"
                ],
                [
                    "Fe:12.6%, Ni:26.8%, Cr:8.8%, Cu:17.0%, Al:34.7%"
                ],
                [
                    "Fe:44.4%, Ni:2.4%, Cr:38.8%, Cu:10.1%, Al:4.4%"
                ],
                [
                    "Fe:9.3%, Ni:59.2%, Cr:10.3%, Cu:6.0%, Al:15.2%"
                ],
                [
                    "Fe:34.6%, Ni:9.9%, Cr:17.4%, Cu:17.3%, Al:20.8%"
                ],
                [
                    "Fe:3.7%, Ni:25.2%, Cr:4.9%, Cu:10.4%, Al:55.8%"
                ],
                [
                    "Fe:29.4%, Ni:50.3%, Cr:8.6%, Cu:9.8%, Al:1.9%"
                ],
                [
                    "Fe:19.9%, Ni:35.2%, Cr:21.0%, Cu:10.0%, Al:13.9%"
                ],
                [
                    "Fe:19.5%, Ni:7.3%, Cr:14.3%, Cu:22.1%, Al:36.9%"
                ],
                [
                    "Fe:0.8%, Ni:33.5%, Cr:20.6%, Cu:1.8%, Al:43.2%"
                ],
                [
                    "Fe:42.7%, Ni:1.1%, Cr:5.5%, Cu:27.6%, Al:23.2%"
                ],
                [
                    "Fe:8.1%, Ni:9.3%, Cr:18.3%, Cu:26.2%, Al:38.1%"
                ],
                [
                    "Fe:16.5%, Ni:22.3%, Cr:49.4%, Cu:1.3%, Al:10.4%"
                ],
                [
                    "Fe:24.5%, Ni:44.3%, Cr:14.1%, Cu:14.9%, Al:2.2%"
                ],
                [
                    "Fe:24.5%, Ni:31.4%, Cr:11.5%, Cu:13.0%, Al:19.6%"
                ],
                [
                    "Fe:1.7%, Ni:33.2%, Cr:20.3%, Cu:33.9%, Al:10.9%"
                ],
                [
                    "Fe:34.1%, Ni:13.9%, Cr:17.5%, Cu:24.0%, Al:10.6%"
                ],
                [
                    "Fe:2.5%, Ni:20.9%, Cr:24.0%, Cu:37.2%, Al:15.4%"
                ],
                [
                    "Fe:4.9%, Ni:11.9%, Cr:16.1%, Cu:37.0%, Al:30.1%"
                ],
                [
                    "Fe:7.3%, Ni:71.1%, Cr:15.4%, Cu:4.5%, Al:1.8%"
                ],
                [
                    "Fe:14.2%, Ni:24.2%, Cr:15.0%, Cu:17.7%, Al:28.8%"
                ],
                [
                    "Fe:5.0%, Ni:59.5%, Cr:2.2%, Cu:19.5%, Al:13.8%"
                ],
                [
                    "Fe:39.8%, Ni:1.2%, Cr:5.0%, Cu:34.3%, Al:19.7%"
                ],
                [
                    "Fe:28.6%, Ni:5.0%, Cr:3.2%, Cu:18.6%, Al:44.6%"
                ],
                [
                    "Fe:22.2%, Ni:23.1%, Cr:9.0%, Cu:40.0%, Al:5.7%"
                ],
                [
                    "Fe:19.0%, Ni:27.0%, Cr:34.5%, Cu:13.5%, Al:5.9%"
                ],
                [
                    "Fe:31.7%, Ni:11.4%, Cr:29.2%, Cu:5.6%, Al:22.0%"
                ],
                [
                    "Fe:53.0%, Ni:3.7%, Cr:28.6%, Cu:10.1%, Al:4.6%"
                ],
                [
                    "Fe:56.9%, Ni:4.8%, Cr:20.5%, Cu:3.6%, Al:14.1%"
                ],
                [
                    "Fe:36.3%, Ni:23.0%, Cr:16.2%, Cu:13.5%, Al:10.9%"
                ],
                [
                    "Fe:28.7%, Ni:19.2%, Cr:36.3%, Cu:1.4%, Al:14.2%"
                ],
                [
                    "Fe:53.0%, Ni:3.8%, Cr:1.3%, Cu:25.7%, Al:16.2%"
                ],
                [
                    "Fe:46.3%, Ni:3.8%, Cr:39.8%, Cu:5.7%, Al:4.5%"
                ],
                [
                    "Fe:4.3%, Ni:40.7%, Cr:26.4%, Cu:17.9%, Al:10.7%"
                ],
                [
                    "Fe:39.3%, Ni:9.3%, Cr:31.7%, Cu:10.8%, Al:8.9%"
                ],
                [
                    "Fe:18.7%, Ni:10.8%, Cr:41.5%, Cu:21.0%, Al:8.0%"
                ],
                [
                    "Fe:33.2%, Ni:7.0%, Cr:11.3%, Cu:34.3%, Al:14.2%"
                ],
                [
                    "Fe:2.8%, Ni:62.7%, Cr:22.1%, Cu:9.1%, Al:3.3%"
                ],
                [
                    "Fe:22.2%, Ni:13.6%, Cr:10.7%, Cu:31.6%, Al:21.9%"
                ],
                [
                    "Fe:7.4%, Ni:16.8%, Cr:12.9%, Cu:61.4%, Al:1.5%"
                ],
                [
                    "Fe:12.9%, Ni:22.1%, Cr:32.1%, Cu:6.4%, Al:26.4%"
                ],
                [
                    "Fe:2.8%, Ni:44.3%, Cr:3.2%, Cu:12.0%, Al:37.7%"
                ],
                [
                    "Fe:4.1%, Ni:6.5%, Cr:32.0%, Cu:31.8%, Al:25.6%"
                ],
                [
                    "Fe:41.1%, Ni:27.2%, Cr:10.1%, Cu:14.7%, Al:7.0%"
                ],
                [
                    "Fe:32.6%, Ni:11.9%, Cr:7.0%, Cu:8.4%, Al:40.1%"
                ],
                [
                    "Fe:6.1%, Ni:32.5%, Cr:25.9%, Cu:34.8%, Al:0.7%"
                ],
                [
                    "Fe:22.0%, Ni:28.8%, Cr:8.9%, Cu:12.8%, Al:27.4%"
                ],
                [
                    "Fe:32.9%, Ni:4.4%, Cr:23.0%, Cu:25.0%, Al:14.8%"
                ],
                [
                    "Fe:18.1%, Ni:36.9%, Cr:35.2%, Cu:8.1%, Al:1.6%"
                ],
                [
                    "Fe:39.1%, Ni:17.0%, Cr:1.2%, Cu:23.7%, Al:19.0%"
                ],
                [
                    "Fe:28.1%, Ni:34.4%, Cr:19.6%, Cu:2.2%, Al:15.7%"
                ],
                [
                    "Fe:49.0%, Ni:0.1%, Cr:12.2%, Cu:15.3%, Al:23.3%"
                ],
                [
                    "Fe:47.5%, Ni:8.0%, Cr:8.0%, Cu:25.2%, Al:11.3%"
                ],
                [
                    "Fe:13.4%, Ni:31.8%, Cr:8.0%, Cu:10.3%, Al:36.5%"
                ],
                [
                    "Fe:10.2%, Ni:46.3%, Cr:8.5%, Cu:16.3%, Al:18.8%"
                ],
                [
                    "Fe:0.3%, Ni:23.1%, Cr:4.2%, Cu:69.0%, Al:3.4%"
                ],
                [
                    "Fe:6.7%, Ni:1.1%, Cr:72.1%, Cu:8.7%, Al:11.3%"
                ],
                [
                    "Fe:1.7%, Ni:33.0%, Cr:5.6%, Cu:54.3%, Al:5.5%"
                ],
                [
                    "Fe:11.8%, Ni:2.1%, Cr:35.7%, Cu:46.5%, Al:3.8%"
                ],
                [
                    "Fe:38.0%, Ni:15.3%, Cr:18.9%, Cu:14.8%, Al:13.0%"
                ],
                [
                    "Fe:13.5%, Ni:2.8%, Cr:3.3%, Cu:32.5%, Al:48.0%"
                ],
                [
                    "Fe:19.7%, Ni:13.3%, Cr:43.6%, Cu:22.2%, Al:1.1%"
                ],
                [
                    "Fe:6.1%, Ni:45.2%, Cr:38.7%, Cu:1.0%, Al:9.0%"
                ],
                [
                    "Fe:8.4%, Ni:35.8%, Cr:0.6%, Cu:3.5%, Al:51.6%"
                ],
                [
                    "Fe:10.3%, Ni:55.4%, Cr:14.2%, Cu:5.5%, Al:14.6%"
                ],
                [
                    "Fe:19.4%, Ni:29.3%, Cr:26.9%, Cu:7.7%, Al:16.7%"
                ],
                [
                    "Fe:7.8%, Ni:11.8%, Cr:77.0%, Cu:0.4%, Al:3.0%"
                ],
                [
                    "Fe:12.4%, Ni:1.4%, Cr:10.6%, Cu:46.5%, Al:29.1%"
                ],
                [
                    "Fe:43.5%, Ni:33.2%, Cr:8.2%, Cu:5.9%, Al:9.3%"
                ],
                [
                    "Fe:25.4%, Ni:8.9%, Cr:27.9%, Cu:15.0%, Al:22.9%"
                ],
                [
                    "Fe:10.5%, Ni:6.4%, Cr:54.1%, Cu:26.3%, Al:2.8%"
                ],
                [
                    "Fe:28.5%, Ni:9.4%, Cr:31.6%, Cu:22.6%, Al:7.8%"
                ],
                [
                    "Fe:0.9%, Ni:12.9%, Cr:32.3%, Cu:41.5%, Al:12.3%"
                ],
                [
                    "Fe:2.1%, Ni:25.6%, Cr:59.0%, Cu:10.6%, Al:2.7%"
                ],
                [
                    "Fe:8.4%, Ni:0.5%, Cr:65.0%, Cu:3.3%, Al:22.7%"
                ],
                [
                    "Fe:7.7%, Ni:19.3%, Cr:25.2%, Cu:42.3%, Al:5.5%"
                ],
                [
                    "Fe:0.2%, Ni:2.7%, Cr:42.3%, Cu:38.1%, Al:16.7%"
                ],
                [
                    "Fe:17.6%, Ni:21.0%, Cr:3.7%, Cu:47.2%, Al:10.4%"
                ],
                [
                    "Fe:17.4%, Ni:26.3%, Cr:1.7%, Cu:6.5%, Al:48.1%"
                ],
                [
                    "Fe:4.1%, Ni:43.5%, Cr:13.2%, Cu:23.2%, Al:16.0%"
                ],
                [
                    "Fe:12.4%, Ni:35.8%, Cr:9.9%, Cu:23.6%, Al:18.2%"
                ],
                [
                    "Fe:20.0%, Ni:50.7%, Cr:24.2%, Cu:4.4%, Al:0.6%"
                ],
                [
                    "Fe:10.7%, Ni:31.7%, Cr:1.8%, Cu:24.0%, Al:31.8%"
                ],
                [
                    "Fe:12.1%, Ni:43.7%, Cr:3.3%, Cu:2.3%, Al:38.6%"
                ],
                [
                    "Fe:15.5%, Ni:26.4%, Cr:12.9%, Cu:6.4%, Al:38.7%"
                ],
                [
                    "Fe:36.1%, Ni:26.7%, Cr:7.1%, Cu:20.0%, Al:10.1%"
                ],
                [
                    "Fe:1.5%, Ni:39.4%, Cr:2.3%, Cu:47.4%, Al:9.3%"
                ],
                [
                    "Fe:3.4%, Ni:13.0%, Cr:34.3%, Cu:21.9%, Al:27.3%"
                ],
                [
                    "Fe:21.1%, Ni:23.1%, Cr:37.1%, Cu:5.6%, Al:13.2%"
                ],
                [
                    "Fe:2.8%, Ni:50.0%, Cr:32.8%, Cu:0.5%, Al:13.9%"
                ],
                [
                    "Fe:42.3%, Ni:3.2%, Cr:13.7%, Cu:40.3%, Al:0.6%"
                ],
                [
                    "Fe:11.3%, Ni:3.3%, Cr:24.5%, Cu:33.5%, Al:27.3%"
                ],
                [
                    "Fe:9.7%, Ni:29.9%, Cr:28.1%, Cu:5.8%, Al:26.6%"
                ],
                [
                    "Fe:2.7%, Ni:64.1%, Cr:18.5%, Cu:9.1%, Al:5.7%"
                ],
                [
                    "Fe:35.6%, Ni:12.4%, Cr:38.6%, Cu:2.0%, Al:11.3%"
                ],
                [
                    "Fe:13.2%, Ni:26.6%, Cr:6.5%, Cu:16.7%, Al:36.9%"
                ],
                [
                    "Fe:28.9%, Ni:8.0%, Cr:0.7%, Cu:61.7%, Al:0.6%"
                ],
                [
                    "Fe:15.5%, Ni:5.6%, Cr:20.9%, Cu:12.0%, Al:46.1%"
                ],
                [
                    "Fe:10.7%, Ni:36.0%, Cr:12.7%, Cu:16.2%, Al:24.4%"
                ],
                [
                    "Fe:23.6%, Ni:47.3%, Cr:16.7%, Cu:6.2%, Al:6.2%"
                ],
                [
                    "Fe:53.4%, Ni:10.9%, Cr:4.7%, Cu:17.5%, Al:13.5%"
                ],
                [
                    "Fe:6.9%, Ni:5.2%, Cr:0.8%, Cu:0.4%, Al:86.6%"
                ],
                [
                    "Fe:10.3%, Ni:8.9%, Cr:21.0%, Cu:4.5%, Al:55.2%"
                ],
                [
                    "Fe:21.5%, Ni:1.3%, Cr:7.5%, Cu:29.4%, Al:40.3%"
                ],
                [
                    "Fe:9.3%, Ni:14.1%, Cr:2.7%, Cu:70.0%, Al:3.9%"
                ],
                [
                    "Fe:49.1%, Ni:18.0%, Cr:16.1%, Cu:12.3%, Al:4.5%"
                ],
                [
                    "Fe:7.5%, Ni:9.6%, Cr:8.0%, Cu:58.3%, Al:16.6%"
                ],
                [
                    "Fe:0.4%, Ni:25.6%, Cr:15.8%, Cu:19.3%, Al:38.8%"
                ],
                [
                    "Fe:5.5%, Ni:14.5%, Cr:40.9%, Cu:34.3%, Al:4.8%"
                ],
                [
                    "Fe:43.7%, Ni:6.6%, Cr:6.5%, Cu:19.9%, Al:23.2%"
                ],
                [
                    "Fe:24.7%, Ni:2.7%, Cr:59.8%, Cu:8.8%, Al:4.0%"
                ],
                [
                    "Fe:21.9%, Ni:31.1%, Cr:19.8%, Cu:16.6%, Al:10.6%"
                ],
                [
                    "Fe:36.7%, Ni:4.2%, Cr:24.0%, Cu:21.4%, Al:13.8%"
                ],
                [
                    "Fe:37.2%, Ni:19.8%, Cr:2.4%, Cu:7.2%, Al:33.3%"
                ],
                [
                    "Fe:1.9%, Ni:45.1%, Cr:16.2%, Cu:15.5%, Al:21.3%"
                ],
                [
                    "Fe:39.2%, Ni:9.6%, Cr:25.5%, Cu:18.8%, Al:7.0%"
                ],
                [
                    "Fe:24.2%, Ni:18.4%, Cr:12.3%, Cu:21.8%, Al:23.2%"
                ],
                [
                    "Fe:19.4%, Ni:28.6%, Cr:18.8%, Cu:18.0%, Al:15.2%"
                ],
                [
                    "Fe:24.2%, Ni:3.0%, Cr:36.8%, Cu:35.5%, Al:0.5%"
                ],
                [
                    "Fe:45.6%, Ni:3.6%, Cr:10.7%, Cu:35.5%, Al:4.6%"
                ],
                [
                    "Fe:37.5%, Ni:39.3%, Cr:15.6%, Cu:0.1%, Al:7.5%"
                ],
                [
                    "Fe:13.3%, Ni:54.9%, Cr:13.8%, Cu:4.2%, Al:13.9%"
                ],
                [
                    "Fe:16.8%, Ni:32.8%, Cr:2.5%, Cu:31.0%, Al:16.9%"
                ],
                [
                    "Fe:43.9%, Ni:5.6%, Cr:13.3%, Cu:35.8%, Al:1.4%"
                ],
                [
                    "Fe:49.5%, Ni:20.8%, Cr:1.3%, Cu:6.4%, Al:22.0%"
                ],
                [
                    "Fe:2.9%, Ni:36.6%, Cr:17.8%, Cu:40.7%, Al:2.0%"
                ],
                [
                    "Fe:19.2%, Ni:34.0%, Cr:32.5%, Cu:13.0%, Al:1.3%"
                ],
                [
                    "Fe:56.1%, Ni:1.0%, Cr:0.9%, Cu:15.5%, Al:26.5%"
                ],
                [
                    "Fe:15.7%, Ni:12.3%, Cr:6.3%, Cu:3.4%, Al:62.4%"
                ],
                [
                    "Fe:13.5%, Ni:14.6%, Cr:4.4%, Cu:38.6%, Al:28.8%"
                ],
                [
                    "Fe:8.7%, Ni:3.0%, Cr:39.9%, Cu:37.2%, Al:11.2%"
                ],
                [
                    "Fe:42.1%, Ni:2.3%, Cr:7.9%, Cu:40.1%, Al:7.6%"
                ],
                [
                    "Fe:15.6%, Ni:7.8%, Cr:4.9%, Cu:63.5%, Al:8.1%"
                ],
                [
                    "Fe:58.6%, Ni:6.8%, Cr:6.3%, Cu:0.8%, Al:27.5%"
                ],
                [
                    "Fe:6.8%, Ni:29.6%, Cr:9.5%, Cu:51.1%, Al:3.0%"
                ],
                [
                    "Fe:24.5%, Ni:18.1%, Cr:17.8%, Cu:22.5%, Al:17.3%"
                ],
                [
                    "Fe:21.1%, Ni:3.0%, Cr:0.7%, Cu:54.5%, Al:20.6%"
                ],
                [
                    "Fe:43.4%, Ni:17.9%, Cr:3.4%, Cu:3.6%, Al:31.6%"
                ],
                [
                    "Fe:23.4%, Ni:9.3%, Cr:28.2%, Cu:2.8%, Al:36.3%"
                ],
                [
                    "Fe:10.8%, Ni:55.1%, Cr:12.8%, Cu:20.9%, Al:0.4%"
                ],
                [
                    "Fe:3.0%, Ni:20.0%, Cr:26.3%, Cu:36.8%, Al:13.9%"
                ],
                [
                    "Fe:22.1%, Ni:36.7%, Cr:28.2%, Cu:0.8%, Al:12.2%"
                ],
                [
                    "Fe:2.0%, Ni:5.0%, Cr:77.8%, Cu:2.8%, Al:12.4%"
                ],
                [
                    "Fe:28.3%, Ni:35.7%, Cr:24.1%, Cu:0.3%, Al:11.6%"
                ],
                [
                    "Fe:53.3%, Ni:6.7%, Cr:31.5%, Cu:2.5%, Al:6.0%"
                ],
                [
                    "Fe:11.8%, Ni:3.3%, Cr:19.6%, Cu:27.4%, Al:37.8%"
                ],
                [
                    "Fe:8.1%, Ni:6.7%, Cr:4.0%, Cu:36.7%, Al:44.5%"
                ],
                [
                    "Fe:0.7%, Ni:56.7%, Cr:1.1%, Cu:16.1%, Al:25.4%"
                ],
                [
                    "Fe:29.2%, Ni:17.8%, Cr:23.1%, Cu:5.9%, Al:24.0%"
                ],
                [
                    "Fe:1.5%, Ni:41.5%, Cr:14.6%, Cu:31.3%, Al:11.1%"
                ],
                [
                    "Fe:31.8%, Ni:23.1%, Cr:40.6%, Cu:2.6%, Al:1.9%"
                ],
                [
                    "Fe:4.4%, Ni:2.7%, Cr:31.7%, Cu:3.8%, Al:57.4%"
                ],
                [
                    "Fe:10.4%, Ni:5.1%, Cr:39.6%, Cu:27.3%, Al:17.5%"
                ],
                [
                    "Fe:7.0%, Ni:10.9%, Cr:2.2%, Cu:48.2%, Al:31.6%"
                ],
                [
                    "Fe:41.7%, Ni:8.8%, Cr:45.3%, Cu:3.0%, Al:1.2%"
                ],
                [
                    "Fe:5.3%, Ni:11.1%, Cr:36.2%, Cu:23.2%, Al:24.2%"
                ],
                [
                    "Fe:9.4%, Ni:7.2%, Cr:7.9%, Cu:74.8%, Al:0.7%"
                ],
                [
                    "Fe:37.2%, Ni:16.0%, Cr:10.7%, Cu:23.8%, Al:12.3%"
                ],
                [
                    "Fe:33.6%, Ni:37.6%, Cr:8.9%, Cu:5.3%, Al:14.6%"
                ],
                [
                    "Fe:40.8%, Ni:4.0%, Cr:16.3%, Cu:16.7%, Al:22.1%"
                ],
                [
                    "Fe:3.3%, Ni:29.5%, Cr:56.2%, Cu:4.6%, Al:6.4%"
                ],
                [
                    "Fe:53.5%, Ni:3.0%, Cr:29.0%, Cu:10.2%, Al:4.3%"
                ],
                [
                    "Fe:43.5%, Ni:12.5%, Cr:15.4%, Cu:9.5%, Al:19.1%"
                ],
                [
                    "Fe:3.2%, Ni:9.0%, Cr:63.1%, Cu:5.4%, Al:19.3%"
                ],
                [
                    "Fe:6.4%, Ni:24.2%, Cr:2.3%, Cu:57.2%, Al:9.9%"
                ],
                [
                    "Fe:16.1%, Ni:4.6%, Cr:11.1%, Cu:43.8%, Al:24.5%"
                ],
                [
                    "Fe:36.8%, Ni:11.7%, Cr:6.0%, Cu:20.0%, Al:25.5%"
                ],
                [
                    "Fe:6.5%, Ni:6.5%, Cr:1.3%, Cu:47.2%, Al:38.6%"
                ],
                [
                    "Fe:9.1%, Ni:26.4%, Cr:23.2%, Cu:12.5%, Al:28.8%"
                ],
                [
                    "Fe:15.6%, Ni:8.0%, Cr:21.2%, Cu:4.0%, Al:51.2%"
                ],
                [
                    "Fe:44.2%, Ni:0.6%, Cr:2.1%, Cu:9.6%, Al:43.5%"
                ],
                [
                    "Fe:6.8%, Ni:12.6%, Cr:0.8%, Cu:2.9%, Al:77.0%"
                ],
                [
                    "Fe:35.6%, Ni:0.1%, Cr:32.1%, Cu:10.8%, Al:21.5%"
                ],
                [
                    "Fe:18.6%, Ni:22.3%, Cr:20.6%, Cu:33.8%, Al:4.6%"
                ],
                [
                    "Fe:1.0%, Ni:12.4%, Cr:41.2%, Cu:7.6%, Al:37.8%"
                ],
                [
                    "Fe:47.8%, Ni:1.3%, Cr:15.2%, Cu:8.0%, Al:27.6%"
                ],
                [
                    "Fe:2.7%, Ni:16.3%, Cr:25.2%, Cu:40.0%, Al:15.9%"
                ],
                [
                    "Fe:15.1%, Ni:21.1%, Cr:44.6%, Cu:18.5%, Al:0.7%"
                ],
                [
                    "Fe:42.5%, Ni:18.6%, Cr:17.9%, Cu:3.9%, Al:17.1%"
                ],
                [
                    "Fe:4.9%, Ni:10.3%, Cr:1.1%, Cu:10.5%, Al:73.1%"
                ],
                [
                    "Fe:0.6%, Ni:47.7%, Cr:6.6%, Cu:25.8%, Al:19.2%"
                ],
                [
                    "Fe:16.1%, Ni:25.8%, Cr:40.5%, Cu:10.0%, Al:7.6%"
                ],
                [
                    "Fe:17.3%, Ni:25.9%, Cr:22.6%, Cu:25.1%, Al:9.0%"
                ],
                [
                    "Fe:56.5%, Ni:4.2%, Cr:26.1%, Cu:0.2%, Al:13.0%"
                ],
                [
                    "Fe:14.1%, Ni:15.6%, Cr:36.7%, Cu:15.2%, Al:18.4%"
                ],
                [
                    "Fe:13.6%, Ni:23.4%, Cr:12.9%, Cu:3.8%, Al:46.3%"
                ],
                [
                    "Fe:21.4%, Ni:18.7%, Cr:12.1%, Cu:9.3%, Al:38.6%"
                ],
                [
                    "Fe:31.7%, Ni:28.3%, Cr:1.1%, Cu:18.1%, Al:20.7%"
                ],
                [
                    "Fe:11.2%, Ni:19.2%, Cr:16.9%, Cu:20.7%, Al:32.0%"
                ],
                [
                    "Fe:26.6%, Ni:20.1%, Cr:49.5%, Cu:0.3%, Al:3.5%"
                ],
                [
                    "Fe:0.1%, Ni:16.7%, Cr:36.6%, Cu:4.5%, Al:42.0%"
                ],
                [
                    "Fe:1.6%, Ni:68.2%, Cr:10.9%, Cu:2.7%, Al:16.7%"
                ],
                [
                    "Fe:8.7%, Ni:9.9%, Cr:10.8%, Cu:47.8%, Al:22.8%"
                ],
                [
                    "Fe:10.9%, Ni:27.5%, Cr:36.7%, Cu:9.3%, Al:15.6%"
                ],
                [
                    "Fe:5.4%, Ni:8.3%, Cr:47.3%, Cu:8.3%, Al:30.8%"
                ],
                [
                    "Fe:21.4%, Ni:2.0%, Cr:14.5%, Cu:5.1%, Al:57.0%"
                ],
                [
                    "Fe:15.9%, Ni:39.5%, Cr:19.3%, Cu:1.1%, Al:24.2%"
                ],
                [
                    "Fe:37.5%, Ni:11.4%, Cr:21.2%, Cu:26.7%, Al:3.2%"
                ],
                [
                    "Fe:4.1%, Ni:16.1%, Cr:9.1%, Cu:31.3%, Al:39.4%"
                ],
                [
                    "Fe:10.2%, Ni:6.3%, Cr:35.5%, Cu:7.5%, Al:40.5%"
                ],
                [
                    "Fe:16.5%, Ni:33.1%, Cr:3.0%, Cu:29.3%, Al:18.0%"
                ],
                [
                    "Fe:19.1%, Ni:4.0%, Cr:28.8%, Cu:42.9%, Al:5.3%"
                ],
                [
                    "Fe:3.5%, Ni:0.8%, Cr:35.7%, Cu:32.5%, Al:27.5%"
                ],
                [
                    "Fe:3.9%, Ni:7.3%, Cr:13.4%, Cu:10.2%, Al:65.2%"
                ],
                [
                    "Fe:4.0%, Ni:32.3%, Cr:14.1%, Cu:15.2%, Al:34.4%"
                ],
                [
                    "Fe:15.8%, Ni:63.6%, Cr:1.8%, Cu:1.5%, Al:17.3%"
                ],
                [
                    "Fe:24.0%, Ni:8.9%, Cr:2.3%, Cu:2.5%, Al:62.3%"
                ],
                [
                    "Fe:15.5%, Ni:28.5%, Cr:18.7%, Cu:32.0%, Al:5.2%"
                ],
                [
                    "Fe:21.2%, Ni:2.0%, Cr:46.6%, Cu:7.7%, Al:22.5%"
                ],
                [
                    "Fe:44.8%, Ni:22.2%, Cr:16.1%, Cu:8.3%, Al:8.6%"
                ],
                [
                    "Fe:11.7%, Ni:54.3%, Cr:11.5%, Cu:8.6%, Al:13.9%"
                ],
                [
                    "Fe:12.9%, Ni:1.3%, Cr:17.0%, Cu:64.9%, Al:4.0%"
                ],
                [
                    "Fe:40.9%, Ni:7.8%, Cr:26.8%, Cu:3.6%, Al:20.9%"
                ],
                [
                    "Fe:19.8%, Ni:6.0%, Cr:15.3%, Cu:22.2%, Al:36.7%"
                ],
                [
                    "Fe:3.2%, Ni:6.0%, Cr:2.0%, Cu:57.9%, Al:31.0%"
                ],
                [
                    "Fe:17.5%, Ni:41.7%, Cr:16.6%, Cu:22.1%, Al:2.1%"
                ],
                [
                    "Fe:23.3%, Ni:2.3%, Cr:28.9%, Cu:25.2%, Al:20.4%"
                ],
                [
                    "Fe:3.0%, Ni:29.1%, Cr:24.6%, Cu:36.0%, Al:7.4%"
                ],
                [
                    "Fe:54.9%, Ni:16.0%, Cr:7.2%, Cu:10.0%, Al:11.8%"
                ],
                [
                    "Fe:9.5%, Ni:7.5%, Cr:26.0%, Cu:7.1%, Al:50.0%"
                ],
                [
                    "Fe:28.7%, Ni:3.5%, Cr:40.2%, Cu:1.9%, Al:25.6%"
                ],
                [
                    "Fe:6.1%, Ni:26.9%, Cr:25.9%, Cu:21.0%, Al:20.0%"
                ],
                [
                    "Fe:15.5%, Ni:3.6%, Cr:22.0%, Cu:8.1%, Al:50.7%"
                ],
                [
                    "Fe:6.0%, Ni:52.8%, Cr:14.6%, Cu:24.6%, Al:2.0%"
                ],
                [
                    "Fe:26.1%, Ni:33.7%, Cr:8.8%, Cu:12.3%, Al:19.1%"
                ],
                [
                    "Fe:9.5%, Ni:34.6%, Cr:25.2%, Cu:7.9%, Al:22.7%"
                ],
                [
                    "Fe:1.6%, Ni:0.6%, Cr:3.3%, Cu:76.0%, Al:18.4%"
                ],
                [
                    "Fe:60.3%, Ni:10.1%, Cr:6.7%, Cu:12.6%, Al:10.3%"
                ],
                [
                    "Fe:3.3%, Ni:30.2%, Cr:7.2%, Cu:28.5%, Al:30.9%"
                ],
                [
                    "Fe:6.8%, Ni:2.6%, Cr:62.7%, Cu:25.4%, Al:2.5%"
                ],
                [
                    "Fe:48.3%, Ni:0.5%, Cr:10.9%, Cu:37.7%, Al:2.5%"
                ],
                [
                    "Fe:8.0%, Ni:6.7%, Cr:18.7%, Cu:5.5%, Al:61.1%"
                ],
                [
                    "Fe:0.7%, Ni:7.8%, Cr:62.6%, Cu:18.4%, Al:10.5%"
                ],
                [
                    "Fe:13.1%, Ni:35.1%, Cr:26.9%, Cu:19.9%, Al:5.0%"
                ],
                [
                    "Fe:54.6%, Ni:15.0%, Cr:5.4%, Cu:11.5%, Al:13.4%"
                ],
                [
                    "Fe:34.5%, Ni:26.0%, Cr:28.8%, Cu:0.2%, Al:10.6%"
                ],
                [
                    "Fe:25.7%, Ni:0.8%, Cr:11.8%, Cu:56.0%, Al:5.8%"
                ],
                [
                    "Fe:15.3%, Ni:4.8%, Cr:0.2%, Cu:5.5%, Al:74.2%"
                ],
                [
                    "Fe:25.2%, Ni:50.1%, Cr:10.4%, Cu:1.8%, Al:12.4%"
                ],
                [
                    "Fe:17.8%, Ni:54.7%, Cr:3.0%, Cu:19.7%, Al:4.8%"
                ],
                [
                    "Fe:11.7%, Ni:39.9%, Cr:19.3%, Cu:14.1%, Al:15.0%"
                ],
                [
                    "Fe:6.8%, Ni:17.0%, Cr:24.6%, Cu:34.4%, Al:17.1%"
                ],
                [
                    "Fe:8.9%, Ni:27.4%, Cr:13.5%, Cu:6.9%, Al:43.2%"
                ],
                [
                    "Fe:0.8%, Ni:45.8%, Cr:12.2%, Cu:20.0%, Al:21.2%"
                ],
                [
                    "Fe:44.9%, Ni:20.2%, Cr:19.0%, Cu:1.4%, Al:14.6%"
                ],
                [
                    "Fe:4.8%, Ni:39.3%, Cr:21.1%, Cu:33.5%, Al:1.3%"
                ],
                [
                    "Fe:5.9%, Ni:83.5%, Cr:5.0%, Cu:4.9%, Al:0.8%"
                ],
                [
                    "Fe:55.1%, Ni:23.5%, Cr:7.7%, Cu:6.2%, Al:7.6%"
                ],
                [
                    "Fe:48.5%, Ni:35.2%, Cr:6.7%, Cu:6.2%, Al:3.4%"
                ],
                [
                    "Fe:36.7%, Ni:49.2%, Cr:10.5%, Cu:0.7%, Al:2.9%"
                ],
                [
                    "Fe:51.2%, Ni:5.2%, Cr:21.8%, Cu:14.6%, Al:7.2%"
                ],
                [
                    "Fe:6.0%, Ni:3.4%, Cr:24.9%, Cu:38.8%, Al:26.9%"
                ],
                [
                    "Fe:12.2%, Ni:0.7%, Cr:55.7%, Cu:25.8%, Al:5.6%"
                ],
                [
                    "Fe:44.7%, Ni:10.5%, Cr:10.0%, Cu:15.7%, Al:19.1%"
                ],
                [
                    "Fe:23.7%, Ni:3.0%, Cr:9.2%, Cu:58.4%, Al:5.6%"
                ],
                [
                    "Fe:8.6%, Ni:10.4%, Cr:10.7%, Cu:17.5%, Al:52.8%"
                ],
                [
                    "Fe:7.2%, Ni:3.4%, Cr:5.7%, Cu:56.7%, Al:27.0%"
                ],
                [
                    "Fe:4.0%, Ni:20.2%, Cr:23.5%, Cu:22.3%, Al:29.9%"
                ],
                [
                    "Fe:5.3%, Ni:25.7%, Cr:11.3%, Cu:33.8%, Al:23.9%"
                ],
                [
                    "Fe:19.4%, Ni:13.8%, Cr:2.5%, Cu:10.2%, Al:54.1%"
                ],
                [
                    "Fe:62.5%, Ni:1.0%, Cr:4.1%, Cu:3.2%, Al:29.2%"
                ],
                [
                    "Fe:29.3%, Ni:4.1%, Cr:12.1%, Cu:31.6%, Al:22.7%"
                ],
                [
                    "Fe:21.9%, Ni:25.0%, Cr:19.9%, Cu:9.9%, Al:23.3%"
